0101
0102
0103
0104
0105
0106
0201
0202
0203
0204
0205
0206
0301
0302
0303
0304
0305
0306
0307
0401
0402
0403
0404
0501
0502
0503
0504
0601
0602
0603
0604
0701
0702
0703
0704
0705
0706
0707
0801
0802
0803
0804
0805
0806
0807
0901
0902
0903
0904
1001
1002
1003
1004
1101
1102
1103
1104
1201
1202
1203
1301
1302
1303
1304
1305
1401
1402
1403
1404
1501
1502
1503
1504
1601
1602
1603
1604
1701
1702
1703
1704
1801
1802
1803
1804
1901
1902
1903
1904
2001
2002
2003
2004
2005
2006
2101
2102
2104
2105
2106
2107
2201
2202
2203
2204
2301
2302
2303
2401
2402
2403
2501
2502
2503
2601
2602
2603
2604
2701
2702
2703
2704
2801
2802
2803
2804
2805
2901
2902
2903
2904
3001
3002
3003
3101
3102
3103
3201
3202
3203
3301
3302
3303
3401
3402
3403
3404
3501
3502
3503
2103
